4.05 1.80 4.05 1.40
4.03 0.49 4.03 0.89
4.05 1.80 -13.55 1.80
-13.55 1.80 -13.55 2.60
-13.55 2.60 -5.68 2.60
-5.68 2.60 -5.68 4.20
-5.68 4.20 -13.16 4.20
-13.16 4.20 -13.16 5.00
-13.16 5.00 -8.74 5.00
-8.74 5.00 -8.74 6.60
-8.74 6.60 -12.80 6.60
-12.80 6.60 -12.80 7.40
-12.80 7.40 -11.79 7.40
-11.79 7.40 -11.79 9.00
-11.79 9.00 -13.68 9.00
-13.68 9.00 -15.43 0.49
-15.43 0.49 4.03 0.49
4.05 1.40 -13.95 1.40
-13.95 1.40 -13.95 3.00
-13.95 3.00 -6.08 3.00
-6.08 3.00 -6.08 3.80
-6.08 3.80 -13.56 3.80
-13.56 3.80 -13.56 5.40
-13.56 5.40 -9.14 5.40
-9.14 5.40 -9.14 6.20
-9.14 6.20 -13.20 6.20
-13.20 6.20 -13.20 7.80
-13.20 7.80 -12.19 7.80
-12.19 7.80 -12.19 8.60
-12.19 8.60 -13.36 8.60
-13.36 8.60 -14.94 0.89
-14.94 0.89 4.03 0.89

