7.00 -1.16 -3.01 -1.16
-3.01 -1.16 -3.01 -0.44
-3.01 -0.44 4.36 -0.44
4.36 1.24 -2.62 1.24
-2.62 1.24 -2.62 1.96
-2.62 1.96 1.30 1.96
1.30 3.64 -2.26 3.64
-2.26 3.64 -2.26 4.36
-2.26 4.36 -1.75 4.36
-3.72 6.04 -5.48 -2.55
7.00 -1.64 -3.49 -1.64
3.88 0.04 3.88 0.76
3.88 0.76 -3.10 0.76
0.82 2.44 0.82 3.16
0.82 3.16 -2.74 3.16
-2.23 4.84 -2.23 5.56
-2.23 5.56 -3.33 5.56
-3.33 5.56 -4.89 -2.07
-4.89 -2.07 7.00 -2.07
-8.00 -5.00 9.00 -5.00
9.00 -5.00 9.00 8.00
9.00 8.00 -8.00 8.00
-8.00 8.00 -8.00 -5.00
-2.72 2.44 -2.74 4.84
-3.50 -2.07 -3.49 0.04
4.36 -1.16 4.36 6.04
7.00 -2.55 7.00 6.04
1.30 1.24 1.30 6.04
-1.75 3.64 -1.75 6.04
-3.10 0.04 -3.10 2.44
-2.23 4.84 -3.47 4.84
-3.97 2.44 0.82 2.44
-4.46 0.04 3.88 0.04
-8.00 6.04 9.00 6.04
-8.00 -2.55 9.00 -2.55